799 151 353 608 276 369 4 824 809 318 | 190 343 99 257 690 297 533 840 869 759 | 723 383 378 583 494 81 692 113 540 87 | 357 207 961 89 636 863 557 900 853 472 | 811 772 718 64 78 237 262 709 512 651 | 304 963 627 296 634 459 852 521 944 981 | 934 774 428 960 628 165 667 450 59 592 | 28 415 715 19 5 841 6 695 395 974 | 346 816 73 128 233 504 107 831 279 753 | 123 737 163 230 736 560 855 998 476 484 
143 925 743 501 516 622 224 411 827 209 | 657 282 79 985 867 473 462 616 698 670 | 380 977 192 66 817 893 212 797 564 381 | 509 214 150 206 554 672 202 721 805 738 | 74 839 931 451 148 517 757 42 470 477 | 487 507 293 933 649 435 410 189 374 85 | 686 949 498 647 48 392 485 544 307 371 | 846 349 222 292 734 229 177 474 486 382 | 697 911 196 448 102 905 367 921 729 340 | 220 620 991 337 341 859 581 160 386 635 
832 861 390 9 582 246 249 550 124 645 | 218 47 364 656 263 145 575 134 30 503 | 354 186 403 215 71 629 541 997 322 626 | 82 857 559 858 986 912 876 460 489 424 | 405 0 141 871 499 927 764 12 767 101 | 773 351 838 730 306 495 892 886 53 387 | 277 851 794 996 393 599 377 104 597 779 | 144 528 677 368 213 842 182 965 168 278 | 310 788 932 199 348 769 500 984 118 181 | 941 952 801 666 70 198 864 138 313 391 
642 408 120 352 502 505 530 269 594 256 | 942 37 623 889 778 573 38 208 302 317 | 704 551 891 881 344 625 822 519 166 835 | 301 272 452 990 506 243 720 874 675 22 | 612 947 327 438 754 83 439 523 468 694 | 320 372 610 980 970 194 916 384 321 992 | 235 976 969 136 376 566 7 748 434 363 | 223 414 127 604 578 576 258 683 602 618 | 52 57 688 954 679 568 914 589 747 96 | 11 250 436 396 252 238 836 896 789 681 
389 741 152 745 399 92 682 648 34 993 | 161 10 669 45 873 766 919 728 147 609 | 155 966 288 21 432 260 465 126 880 173 | 149 314 520 176 366 54 175 375 791 446 | 847 316 242 760 904 27 217 397 119 466 | 768 515 994 547 51 706 883 121 112 908 | 510 117 479 894 971 44 833 806 142 440 | 975 401 807 265 244 674 700 444 75 248 | 926 668 546 467 943 268 605 820 888 643 | 24 475 821 232 958 295 280 786 884 458 
793 84 732 843 740 362 875 957 197 20 | 577 663 201 633 756 787 511 722 285 183 | 254 454 234 333 336 712 549 522 812 275 | 726 15 829 65 492 108 25 920 937 771 | 228 800 890 662 184 962 326 611 430 449 | 290 153 122 872 264 621 68 972 225 216 | 88 13 552 600 710 887 964 979 56 909 | 553 35 267 32 524 898 388 331 227 545 | 613 761 497 445 431 455 641 765 61 456 | 203 481 463 94 409 77 130 558 701 915 
332 323 978 882 490 596 850 780 640 717 | 742 407 684 491 572 590 60 696 17 241 | 425 464 338 526 39 426 770 423 41 561 | 508 478 312 109 172 76 185 785 598 955 | 638 360 447 291 542 49 703 907 790 219 | 988 538 950 922 708 639 918 711 385 23 | 983 308 860 849 100 286 735 251 866 661 | 951 273 420 687 803 135 453 580 823 43 | 525 632 744 116 281 239 179 205 877 115 | 114 936 158 825 140 274 650 664 139 665 
750 777 713 137 989 755 319 417 617 412 | 819 923 830 200 968 63 443 619 58 29 | 442 652 536 90 895 591 129 33 187 365 | 339 335 513 987 1 543 531 595 204 402 | 180 105 671 359 271 699 471 226 689 356 | 8 325 630 935 653 959 361 345 195 496 | 483 40 370 298 724 815 913 973 749 14 | 300 814 358 945 615 685 603 146 283 606 | 953 870 999 55 518 601 818 284 678 571 | 98 586 93 419 299 236 534 658 676 125 
480 62 865 784 535 901 929 783 813 178 | 567 441 946 762 429 231 400 948 939 422 | 97 555 930 702 18 342 826 781 751 693 | 404 910 50 132 329 719 261 287 159 940 | 133 537 95 796 373 31 16 644 334 539 | 169 776 885 305 379 162 733 2 488 527 | 514 289 315 587 902 828 413 69 548 917 | 899 660 156 758 854 680 569 131 170 72 | 350 311 714 461 26 868 406 193 259 624 | 330 856 245 804 457 240 3 355 103 607 
266 303 253 844 270 808 309 956 588 67 | 255 211 982 845 862 906 563 834 798 725 | 91 347 654 556 967 174 995 106 614 795 | 691 562 897 398 928 433 579 154 878 421 | 646 673 86 167 164 570 739 792 529 191 | 416 469 782 46 924 848 418 746 110 437 | 188 328 532 727 394 775 585 938 111 802 | 324 705 731 707 752 80 716 879 574 221 | 565 493 655 171 593 482 157 584 837 810 | 659 637 36 903 210 763 294 247 631 427 
